9998
9996
9995
9986
9985
9973
9968
9964
9956
9951
9950
9943
9933
9931
9929
9928
9923
9917
9914
9912
9907
9906
9906
9903
9902
9901
9895
9886
9885
9877
9873
9867
9865
9863
9856
9853
9851
9845
9845
9840
9840
9835
9833
9825
9821
9816
9813
9807
9807
9805
9794
9784
9782
9777
9775
9770
9769
9768
9765
9763
9754
9754
9746
9739
9738
9738
9735
9732
9730
9728
9728
9723
9716
9716
9707
9707
9706
9704
9702
9700
9700
9697
9694
9680
9680
9677
9675
9670
9667
9667
9663
9660
9652
9651
9645
9636
9633
9632
9629
9628
9618
9616
9614
9614
9610
9606
9602
9591
9586
9584
9583
9582
9580
9578
9576
9569
9569
9556
9551
9547
9543
9533
9532
9531
9526
9525
9515
9510
9504
9504
9503
9499
9496
9496
9489
9485
9484
9473
9469
9442
9437
9434
9433
9427
9426
9424
9423
9420
9420
9417
9416
9409
9407
9406
9405
9394
9386
9382
9381
9380
9379
9378
9370
9362
9362
9358
9357
9353
9343
9342
9337
9337
9334
9322
9320
9320
9316
9310
9307
9288
9280
9271
9269
9269
9268
9264
9261
9261
9260
9254
9252
9250
9244
9244
9242
9241
9233
9224
9221
9221
9221
9220
9218
9218
9213
9209
9194
9188
9183
9183
9182
9176
9176
9171
9168
9165
9164
9164
9163
9154
9154
9143
9138
9135
9135
9132
9115
9110
9107
9106
9090
9081
9081
9080
9078
9078
9072
9068
9063
9060
9058
9055
9055
9049
9047
9043
9041
9038
9038
9034
9033
9028
9028
9023
9021
9021
9019
9016
9013
9012
9011
9003
9002
9000
8996
8992
8991
8990
8984
8982
8982
8978
8973
8973
8972
8967
8966
8957
8950
8949
8948
8945
8939
8939
8934
8929
8924
8924
8920
8913
8912
8912
8907
8907
8905
8900
8900
8897
8893
8891
8891
8885
8883
8881
8874
8873
8869
8869
8868
8851
8844
8839
8835
8835
8828
8826
8808
8807
8804
8803
8794
8788
8784
8783
8774
8769
8768
8765
8761
8761
8760
8752
8747
8744
8735
8729
8727
8726
8718
8713
8709
8699
8693
8689
8687
8680
8680
8677
8675
8662
8658
8658
8651
8648
8645
8645
8644
8638
8636
8636
8634
8629
8628
8625
8623
8614
8613
8611
8602
8596
8582
8581
8568
8561
8554
8553
8551
8546
8541
8540
8535
8533
8533
8531
8530
8525
8525
8523
8523
8520
8520
8515
8513
8509
8509
8505
8489
8487
8485
8484
8481
8472
8469
8467
8463
8455
8454
8452
8451
8446
8445
8445
8441
8441
8439
8433
8430
8430
8426
8423
8421
8419
8411
8408
8404
8400
8397
8395
8391
8391
8390
8385
8380
8380
8379
8371
8370
8369
8368
8366
8366
8361
8357
8352
8351
8351
8345
8345
8336
8332
8331
8325
8304
8303
8297
8294
8286
8286
8282
8280
8269
8249
8247
8245
8242
8239
8236
8233
8232
8230
8230
8227
8220
8219
8217
8216
8214
8212
8210
8206
8197
8195
8180
8158
8146
8142
8131
8130
8130
8115
8112
8111
8111
8111
8109
8106
8106
8100
8099
8095
8094
8093
8092
8092
8089
8087
8087
8079
8079
8072
8072
8068
8064
8059
8047
8046
8042
8039
8036
8034
8031
8029
8028
8019
8012
8008
8001
8000
7996
7995
7993
7989
7986
7986
7984
7983
7979
7977
7969
7969
7964
7962
7961
7948
7946
7942
7940
7938
7921
7916
7914
7910
7906
7904
7898
7898
7896
7891
7887
7886
7882
7882
7878
7876
7871
7866
7866
7865
7865
7860
7859
7858
7851
7851
7849
7834
7829
7820
7820
7812
7809
7809
7800
7797
7796
7794
7792
7791
7789
7786
7777
7772
7768
7767
7767
7766
7764
7763
7761
7758
7755
7751
7751
7742
7742
7739
7739
7738
7738
7737
7733
7733
7730
7729
7726
7726
7725
7723
7722
7714
7704
7699
7697
7696
7692
7690
7688
7671
7669
7656
7654
7648
7643
7643
7642
7640
7639
7629
7629
7628
7628
7627
7626
7623
7600
7595
7590
7580
7575
7572
7571
7562
7562
7556
7555
7553
7549
7548
7544
7536
7536
7531
7525
7525
7524
7524
7514
7510
7504
7496
7482
7481
7474
7474
7472
7471
7460
7459
7454
7449
7449
7443
7441
7440
7437
7436
7435
7434
7428
7427
7419
7415
7405
7393
7389
7381
7379
7377
7365
7356
7352
7352
7350
7350
7349
7346
7346
7343
7340
7340
7336
7335
7335
7332
7315
7312
7311
7300
7300
7298
7285
7285
7285
7272
7272
7268
7267
7266
7263
7241
7237
7234
7234
7233
7226
7218
7215
7215
7213
7207
7206
7204
7199
7196
7192
7190
7190
7186
7185
7181
7175
7172
7165
7159
7159
7157
7156
7155
7138
7126
7126
7120
7120
7119
7114
7108
7103
7100
7100
7097
7096
7093
7090
7087
7082
7082
7081
7077
7076
7074
7071
7070
7069
7064
7056
7053
7052
7051
7045
7042
7040
7039
7039
7037
7035
7029
7027
7022
7013
7009
7007
7005
7003
6997
6996
6993
6985
6983
6979
6979
6978
6976
6973
6972
6964
6961
6934
6931
6930
6928
6923
6923
6918
6914
6914
6899
6895
6894
6884
6883
6873
6873
6860
6857
6855
6849
6848
6844
6843
6841
6824
6813
6806
6802
6797
6794
6784
6783
6780
6778
6775
6772
6768
6763
6761
6752
6749
6748
6747
6744
6743
6740
6739
6739
6737
6696
6689
6689
6686
6683
6681
6665
6662
6662
6653
6649
6644
6643
6643
6635
6633
6626
6625
6625
6617
6615
6612
6612
6611
6603
6595
6592
6592
6585
6581
6555
6552
6550
6548
6536
6530
6526
6525
6521
6518
6513
6502
6501
6500
6500
6498
6495
6482
6477
6474
6469
6466
6459
6456
6450
6445
6441
6436
6432
6432
6427
6418
6415
6412
6411
6409
6404
6403
6395
6394
6392
6391
6386
6379
6375
6371
6371
6366
6362
6355
6352
6352
6341
6328
6328
6325
6322
6320
6319
6317
6317
6312
6311
6304
6301
6290
6290
6290
6288
6282
6275
6266
6266
6266
6265
6265
6262
6258
6258
6256
6256
6255
6249
6246
6245
6243
6226
6212
6211
6211
6210
6202
6202
6194
6186
6185
6185
6183
6175
6175
6162
6161
6160
6157
6155
6150
6149
6148
6146
6142
6136
6122
6114
6113
6104
6103
6096
6093
6087
6085
6080
6078
6077
6074
6066
6061
6051
6050
6042
6040
6032
6031
6027
6026
6025
6019
6007
6007
6006
6002
5999
5992
5990
5989
5987
5985
5980
5979
5975
5968
5966
5965
5964
5962
5961
5959
5957
5956
5954
5951
5945
5934
5931
5931
5925
5925
5921
5914
5913
5908
5907
5903
5884
5882
5881
5878
5871
5861
5846
5843
5840
5840
5839
5837
5833
5831
5831
5826
5820
5818
5808
5807
5806
5805
5804
5793
5782
5781
5781
5778
5766
5766
5764
5760
5749
5748
5746
5738
5738
5737
5735
5728
5726
5725
5722
5704
5703
5701
5689
5684
5680
5668
5662
5661
5660
5655
5653
5651
5642
5640
5640
5637
5626
5625
5622
5621
5620
5617
5609
5605
5599
5597
5596
5587
5586
5582
5582
5573
5570
5569
5563
5560
5558
5533
5532
5531
5530
5530
5521
5519
5513
5508
5506
5505
5504
5501
5498
5492
5485
5484
5479
5477
5476
5473
5469
5467
5463
5460
5459
5453
5433
5431
5426
5422
5414
5409
5408
5407
5407
5403
5402
5391
5389
5367
5365
5358
5352
5345
5338
5335
5326
5316
5313
5311
5304
5301
5295
5294
5294
5294
5289
5282
5280
5275
5270
5262
5258
5257
5254
5253
5253
5252
5250
5248
5240
5233
5231
5230
5230
5228
5221
5219
5217
5213
5208
5201
5200
5198
5181
5181
5175
5173
5171
5165
5163
5157
5155
5150
5144
5139
5124
5119
5108
5105
5102
5087
5078
5065
5062
5061
5061
5054
5054
5053
5052
5047
5046
5037
5033
5023
5022
5022
5009
4998
4998
4994
4985
4982
4979
4977
4977
4973
4971
4967
4964
4953
4953
4952
4951
4951
4950
4948
4947
4939
4937
4933
4927
4922
4922
4921
4909
4908
4902
4899
4899
4894
4882
4882
4876
4870
4870
4867
4867
4858
4846
4842
4841
4837
4832
4827
4822
4820
4818
4811
4804
4803
4793
4792
4775
4774
4773
4765
4763
4743
4739
4738
4726
4725
4715
4713
4711
4708
4704
4702
4699
4697
4696
4694
4684
4682
4681
4675
4673
4667
4666
4665
4662
4659
4655
4654
4647
4647
4644
4642
4642
4637
4626
4625
4623
4619
4614
4612
4606
4604
4601
4598
4595
4594
4593
4587
4584
4568
4562
4556
4552
4547
4540
4539
4536
4535
4533
4532
4526
4523
4522
4520
4518
4517
4516
4512
4505
4503
4497
4492
4489
4487
4484
4479
4479
4477
4476
4476
4472
4462
4461
4452
4444
4443
4443
4435
4430
4422
4421
4416
4415
4410
4408
4408
4408
4403
4401
4400
4394
4392
4391
4391
4371
4371
4371
4364
4363
4363
4361
4359
4348
4341
4337
4334
4332
4329
4328
4324
4318
4314
4313
4311
4306
4299
4298
4297
4293
4292
4285
4282
4279
4261
4258
4254
4254
4253
4250
4242
4240
4240
4235
4220
4216
4214
4214
4214
4213
4200
4191
4189
4183
4179
4176
4167
4165
4163
4159
4158
4149
4130
4128
4126
4126
4124
4117
4114
4098
4095
4095
4093
4092
4074
4071
4067
4051
4051
4045
4034
4033
4032
4031
4026
4026
4009
3992
3991
3990
3979
3975
3967
3965
3964
3964
3961
3959
3954
3953
3953
3937
3901
3896
3893
3891
3890
3889
3884
3880
3874
3871
3868
3845
3842
3840
3839
3838
3838
3832
3832
3823
3822
3810
3805
3804
3802
3796
3782
3777
3775
3771
3766
3760
3749
3738
3732
3729
3725
3723
3721
3718
3711
3707
3704
3702
3696
3691
3690
3690
3666
3663
3659
3654
3650
3649
3643
3642
3642
3642
3640
3632
3630
3625
3617
3610
3607
3606
3593
3591
3584
3580
3574
3569
3566
3562
3552
3543
3540
3535
3535
3533
3518
3512
3510
3509
3495
3479
3472
3449
3448
3445
3444
3441
3438
3436
3427
3421
3421
3408
3402
3399
3396
3392
3390
3379
3371
3371
3370
3368
3362
3361
3360
3359
3354
3351
3322
3321
3316
3316
3314
3313
3310
3306
3305
3303
3302
3300
3298
3293
3291
3289
3287
3284
3279
3275
3258
3255
3247
3246
3239
3237
3236
3235
3226
3226
3225
3222
3218
3216
3216
3214
3210
3197
3191
3189
3184
3177
3176
3173
3173
3165
3159
3155
3151
3147
3144
3139
3132
3127
3124
3121
3114
3112
3111
3109
3100
3093
3087
3087
3082
3071
3067
3067
3063
3061
3055
3053
3051
3023
3022
3020
3018
3011
3010
3007
3006
2996
2993
2993
2990
2988
2988
2984
2979
2979
2978
2976
2976
2953
2950
2949
2947
2943
2941
2928
2928
2918
2914
2913
2909
2901
2895
2894
2892
2890
2888
2888
2885
2878
2874
2873
2871
2857
2852
2851
2849
2848
2843
2837
2820
2820
2818
2817
2816
2815
2808
2800
2791
2788
2787
2786
2784
2783
2781
2780
2780
2773
2770
2769
2764
2758
2751
2751
2749
2745
2745
2738
2732
2730
2719
2718
2718
2714
2713
2706
2699
2699
2698
2696
2695
2689
2683
2683
2680
2670
2669
2661
2654
2654
2649
2648
2648
2646
2645
2638
2631
2627
2621
2612
2610
2609
2605
2602
2595
2590
2583
2561
2560
2555
2554
2552
2548
2538
2538
2529
2528
2516
2511
2510
2509
2508
2505
2505
2502
2497
2496
2487
2486
2484
2482
2479
2476
2461
2457
2454
2452
2450
2448
2442
2440
2436
2433
2418
2409
2398
2396
2381
2377
2366
2351
2350
2348
2341
2337
2334
2330
2317
2315
2309
2304
2302
2293
2292
2285
2277
2274
2268
2266
2266
2266
2260
2260
2256
2255
2252
2250
2248
2246
2245
2244
2244
2241
2240
2239
2235
2231
2228
2228
2227
2218
2211
2210
2198
2197
2195
2191
2188
2182
2181
2171
2164
2161
2158
2156
2154
2154
2152
2146
2143
2140
2130
2123
2122
2119
2111
2108
2108
2104
2099
2088
2086
2083
2083
2082
2078
2065
2064
2054
2042
2036
2034
2033
2033
2032
2031
2024
2017
2009
1992
1992
1983
1977
1970
1960
1959
1955
1943
1943
1941
1934
1931
1928
1917
1915
1912
1911
1910
1909
1909
1908
1906
1901
1899
1898
1893
1892
1889
1888
1887
1880
1874
1872
1872
1857
1854
1847
1847
1845
1841
1839
1835
1830
1826
1800
1800
1795
1787
1787
1786
1785
1785
1783
1776
1770
1769
1764
1762
1755
1754
1749
1747
1746
1742
1741
1738
1732
1710
1705
1701
1699
1695
1693
1687
1680
1678
1674
1672
1671
1668
1666
1666
1662
1659
1653
1653
1647
1646
1645
1634
1630
1619
1617
1616
1615
1606
1604
1594
1594
1581
1577
1576
1574
1559
1559
1553
1553
1553
1545
1543
1538
1535
1532
1530
1530
1525
1524
1523
1519
1517
1515
1515
1511
1505
1503
1497
1490
1490
1488
1481
1474
1474
1472
1471
1470
1470
1464
1461
1457
1456
1448
1445
1444
1437
1437
1436
1431
1427
1425
1400
1398
1389
1381
1379
1378
1377
1370
1369
1369
1366
1355
1346
1344
1344
1341
1337
1328
1325
1320
1318
1317
1312
1308
1306
1305
1291
1280
1278
1278
1275
1272
1269
1250
1250
1245
1239
1239
1234
1232
1230
1226
1223
1221
1217
1216
1216
1214
1212
1210
1201
1201
1200
1196
1195
1192
1189
1174
1173
1163
1162
1133
1131
1118
1115
1106
1098
1096
1086
1086
1084
1083
1083
1083
1082
1082
1082
1075
1071
1069
1067
1065
1064
1061
1060
1059
1059
1057
1056
1054
1050
1044
1040
1031
1031
1029
1024
1020
1017
1016
1009
1001
999
999
998
997
982
982
975
974
967
965
953
953
952
951
950
948
942
939
934
933
930
930
927
926
924
921
919
912
910
908
906
900
896
894
892
884
878
875
871
847
847
847
845
843
832
829
824
810
809
809
806
799
797
797
789
789
786
785
783
773
772
770
765
762
756
750
748
744
742
738
736
729
722
721
712
711
707
702
701
692
688
682
681
678
675
674
667
666
663
663
661
661
661
660
658
651
646
643
641
624
623
622
615
614
610
606
604
602
602
601
600
590
587
583
582
580
580
577
567
565
562
552
551
549
549
548
548
546
546
541
541
534
534
527
525
525
520
516
513
505
503
502
502
498
498
497
485
475
471
471
470
467
462
461
461
460
457
457
438
437
435
425
415
405
394
393
393
391
384
382
371
360
358
353
345
341
340
329
325
323
321
321
318
311
311
306
305
298
295
295
295
290
288
285
284
284
280
278
277
273
273
263
263
255
249
240
232
227
217
217
214
209
202
193
190
186
185
178
176
173
171
169
163
161
158
152
147
143
140
140
139
134
131
131
130
129
128
121
114
109
106
105
104
101
98
97
83
77
70
69
67
67
66
64
62
59
58
53
47
41
40
34
29
24
14
9
9
-5
-6
-12
-20
-24
-29
-31
-32
-37
-54
-72
-74
-79
-80
-80
-83
-87
-87
-90
-91
-95
-97
-107
-107
-108
-113
-116
-122
-123
-123
-124
-125
-136
-139
-140
-148
-154
-157
-170
-172
-174
-175
-184
-184
-186
-190
-198
-198
-199
-200
-202
-202
-205
-205
-207
-209
-214
-217
-226
-232
-240
-246
-250
-257
-262
-267
-270
-275
-275
-276
-279
-280
-282
-284
-288
-289
-293
-300
-305
-308
-309
-312
-317
-328
-331
-335
-336
-337
-346
-350
-350
-356
-366
-368
-368
-371
-373
-383
-387
-391
-394
-403
-404
-405
-415
-427
-429
-430
-430
-435
-436
-438
-438
-439
-439
-439
-446
-457
-467
-470
-471
-475
-482
-483
-487
-491
-495
-495
-496
-499
-504
-504
-504
-514
-525
-526
-529
-531
-534
-538
-539
-540
-541
-549
-554
-556
-565
-572
-575
-581
-582
-583
-587
-591
-595
-597
-600
-615
-619
-622
-625
-627
-628
-630
-633
-638
-641
-642
-642
-646
-655
-658
-666
-667
-670
-670
-674
-677
-678
-678
-682
-697
-702
-704
-704
-707
-709
-711
-737
-741
-742
-743
-749
-752
-759
-764
-771
-771
-788
-791
-793
-796
-797
-800
-801
-801
-802
-809
-809
-809
-809
-811
-813
-813
-817
-832
-836
-845
-858
-858
-875
-875
-876
-879
-885
-900
-901
-901
-901
-909
-912
-916
-918
-923
-927
-927
-929
-929
-930
-930
-933
-935
-941
-941
-942
-950
-955
-955
-959
-959
-962
-973
-974
-978
-980
-980
-984
-990
-990
-995
-995
-998
-1008
-1012
-1014
-1015
-1015
-1034
-1035
-1049
-1051
-1051
-1052
-1053
-1060
-1064
-1064
-1068
-1073
-1075
-1087
-1093
-1095
-1101
-1102
-1106
-1112
-1114
-1118
-1122
-1131
-1132
-1134
-1134
-1136
-1136
-1137
-1137
-1140
-1140
-1142
-1150
-1152
-1154
-1158
-1161
-1165
-1176
-1180
-1182
-1184
-1190
-1191
-1192
-1195
-1201
-1205
-1207
-1209
-1210
-1215
-1218
-1218
-1220
-1225
-1233
-1240
-1250
-1251
-1252
-1256
-1260
-1260
-1275
-1280
-1286
-1287
-1289
-1296
-1304
-1304
-1305
-1313
-1313
-1316
-1337
-1339
-1339
-1343
-1356
-1362
-1366
-1373
-1373
-1378
-1380
-1382
-1386
-1387
-1389
-1394
-1401
-1407
-1410
-1418
-1423
-1423
-1424
-1427
-1428
-1433
-1434
-1438
-1439
-1443
-1443
-1451
-1457
-1460
-1462
-1463
-1469
-1475
-1475
-1476
-1486
-1488
-1489
-1491
-1493
-1499
-1503
-1506
-1513
-1523
-1523
-1524
-1527
-1529
-1530
-1531
-1534
-1542
-1547
-1548
-1555
-1569
-1569
-1578
-1579
-1579
-1580
-1586
-1587
-1588
-1602
-1603
-1617
-1621
-1626
-1627
-1627
-1629
-1633
-1635
-1636
-1639
-1640
-1641
-1641
-1642
-1647
-1648
-1658
-1662
-1663
-1669
-1674
-1677
-1679
-1682
-1684
-1690
-1691
-1695
-1700
-1702
-1702
-1704
-1712
-1715
-1719
-1721
-1729
-1732
-1734
-1744
-1744
-1753
-1777
-1777
-1777
-1778
-1780
-1781
-1796
-1797
-1798
-1798
-1810
-1817
-1819
-1820
-1832
-1843
-1843
-1846
-1846
-1851
-1856
-1864
-1871
-1873
-1876
-1879
-1879
-1880
-1883
-1888
-1892
-1893
-1894
-1899
-1899
-1906
-1909
-1911
-1922
-1923
-1929
-1930
-1939
-1944
-1945
-1948
-1958
-1960
-1969
-1971
-1977
-1978
-1986
-1988
-1989
-1992
-1993
-1998
-2005
-2016
-2019
-2024
-2030
-2031
-2031
-2031
-2038
-2039
-2040
-2041
-2044
-2046
-2047
-2049
-2063
-2067
-2070
-2084
-2089
-2099
-2110
-2111
-2119
-2121
-2121
-2127
-2129
-2130
-2133
-2136
-2147
-2149
-2157
-2160
-2177
-2185
-2189
-2195
-2195
-2199
-2201
-2205
-2216
-2225
-2228
-2232
-2239
-2245
-2250
-2255
-2257
-2257
-2264
-2269
-2275
-2282
-2293
-2296
-2297
-2299
-2309
-2314
-2319
-2320
-2321
-2322
-2324
-2325
-2327
-2327
-2330
-2339
-2346
-2347
-2355
-2356
-2357
-2360
-2362
-2377
-2402
-2407
-2409
-2410
-2422
-2425
-2426
-2427
-2427
-2430
-2440
-2442
-2453
-2459
-2461
-2465
-2466
-2466
-2468
-2468
-2475
-2488
-2490
-2497
-2505
-2511
-2511
-2512
-2513
-2520
-2529
-2531
-2531
-2534
-2538
-2542
-2542
-2548
-2548
-2550
-2552
-2555
-2556
-2566
-2568
-2573
-2575
-2580
-2586
-2588
-2591
-2592
-2593
-2594
-2595
-2600
-2602
-2607
-2610
-2625
-2630
-2633
-2634
-2638
-2641
-2654
-2656
-2656
-2656
-2659
-2666
-2668
-2670
-2678
-2679
-2683
-2685
-2690
-2691
-2702
-2710
-2718
-2719
-2720
-2720
-2725
-2725
-2726
-2730
-2730
-2730
-2738
-2740
-2743
-2754
-2756
-2760
-2765
-2766
-2771
-2772
-2782
-2784
-2787
-2796
-2797
-2805
-2805
-2806
-2806
-2813
-2827
-2834
-2836
-2839
-2844
-2844
-2846
-2849
-2850
-2853
-2855
-2856
-2861
-2864
-2866
-2866
-2872
-2876
-2877
-2878
-2880
-2885
-2890
-2901
-2901
-2902
-2904
-2905
-2910
-2912
-2914
-2916
-2916
-2916
-2923
-2923
-2923
-2924
-2938
-2943
-2944
-2946
-2949
-2949
-2951
-2959
-2962
-2966
-2976
-2977
-2977
-2981
-2983
-2983
-2986
-2990
-2995
-2997
-3001
-3010
-3012
-3014
-3015
-3017
-3018
-3020
-3031
-3032
-3043
-3051
-3054
-3062
-3064
-3066
-3071
-3086
-3087
-3088
-3093
-3093
-3104
-3114
-3116
-3118
-3122
-3124
-3124
-3125
-3137
-3140
-3143
-3146
-3147
-3148
-3149
-3150
-3155
-3155
-3157
-3165
-3170
-3171
-3172
-3172
-3173
-3178
-3181
-3188
-3188
-3189
-3200
-3205
-3219
-3220
-3232
-3233
-3233
-3233
-3235
-3240
-3241
-3242
-3256
-3273
-3278
-3286
-3291
-3296
-3309
-3315
-3315
-3328
-3344
-3345
-3346
-3347
-3353
-3369
-3372
-3375
-3376
-3382
-3383
-3390
-3401
-3402
-3403
-3403
-3410
-3413
-3416
-3418
-3418
-3421
-3425
-3426
-3432
-3437
-3440
-3442
-3444
-3445
-3445
-3449
-3456
-3457
-3461
-3466
-3472
-3477
-3478
-3479
-3481
-3496
-3498
-3504
-3511
-3511
-3512
-3513
-3517
-3519
-3521
-3535
-3536
-3538
-3545
-3546
-3546
-3551
-3552
-3553
-3554
-3560
-3562
-3563
-3564
-3564
-3564
-3577
-3579
-3581
-3584
-3586
-3594
-3598
-3601
-3608
-3615
-3625
-3626
-3635
-3637
-3640
-3642
-3648
-3649
-3652
-3661
-3664
-3664
-3672
-3673
-3675
-3676
-3703
-3703
-3704
-3705
-3706
-3713
-3714
-3715
-3716
-3720
-3721
-3722
-3725
-3735
-3743
-3749
-3757
-3757
-3759
-3777
-3780
-3781
-3781
-3786
-3787
-3790
-3793
-3807
-3813
-3817
-3824
-3826
-3834
-3834
-3845
-3850
-3851
-3854
-3856
-3857
-3863
-3863
-3866
-3867
-3868
-3872
-3872
-3881
-3881
-3883
-3886
-3890
-3891
-3895
-3896
-3896
-3900
-3900
-3902
-3910
-3915
-3918
-3919
-3921
-3924
-3925
-3930
-3932
-3938
-3961
-3963
-3964
-3965
-3971
-3984
-3991
-3992
-3995
-4002
-4009
-4009
-4014
-4016
-4024
-4024
-4024
-4036
-4036
-4038
-4042
-4047
-4050
-4052
-4054
-4060
-4064
-4066
-4067
-4067
-4068
-4079
-4079
-4080
-4088
-4097
-4104
-4104
-4107
-4112
-4112
-4114
-4116
-4123
-4124
-4124
-4126
-4126
-4140
-4143
-4145
-4151
-4154
-4170
-4170
-4172
-4172
-4179
-4186
-4191
-4204
-4206
-4208
-4208
-4211
-4216
-4223
-4226
-4227
-4236
-4259
-4267
-4289
-4289
-4290
-4295
-4308
-4308
-4311
-4320
-4321
-4329
-4332
-4332
-4333
-4343
-4345
-4346
-4350
-4357
-4360
-4365
-4367
-4369
-4370
-4371
-4378
-4384
-4385
-4386
-4388
-4396
-4397
-4402
-4411
-4413
-4415
-4419
-4427
-4427
-4442
-4451
-4454
-4456
-4462
-4467
-4467
-4471
-4475
-4480
-4480
-4485
-4488
-4494
-4496
-4496
-4498
-4499
-4511
-4522
-4527
-4530
-4532
-4536
-4542
-4543
-4556
-4563
-4575
-4576
-4578
-4583
-4589
-4593
-4593
-4605
-4607
-4615
-4616
-4618
-4620
-4622
-4626
-4627
-4638
-4643
-4645
-4645
-4653
-4660
-4673
-4675
-4688
-4690
-4711
-4723
-4724
-4731
-4731
-4734
-4739
-4740
-4743
-4763
-4772
-4780
-4792
-4800
-4801
-4804
-4807
-4811
-4816
-4818
-4821
-4826
-4835
-4841
-4845
-4848
-4848
-4848
-4849
-4864
-4872
-4874
-4876
-4878
-4881
-4881
-4882
-4887
-4889
-4889
-4891
-4897
-4906
-4909
-4909
-4910
-4912
-4914
-4917
-4932
-4945
-4947
-4948
-4950
-4953
-4954
-4958
-4964
-4964
-4965
-4969
-4972
-4975
-4984
-4987
-4989
-4991
-4991
-4992
-5002
-5002
-5008
-5010
-5020
-5022
-5024
-5031
-5040
-5048
-5051
-5059
-5059
-5080
-5081
-5101
-5104
-5106
-5110
-5122
-5128
-5135
-5143
-5144
-5147
-5153
-5156
-5158
-5172
-5179
-5179
-5184
-5184
-5189
-5200
-5212
-5215
-5216
-5223
-5234
-5250
-5252
-5256
-5261
-5265
-5268
-5270
-5276
-5278
-5283
-5287
-5288
-5289
-5292
-5297
-5300
-5308
-5309
-5313
-5318
-5318
-5324
-5325
-5328
-5335
-5338
-5338
-5340
-5345
-5353
-5358
-5362
-5364
-5370
-5377
-5381
-5384
-5384
-5385
-5389
-5391
-5391
-5393
-5397
-5397
-5398
-5406
-5409
-5412
-5418
-5419
-5420
-5420
-5427
-5429
-5434
-5434
-5435
-5438
-5444
-5445
-5448
-5454
-5457
-5457
-5458
-5462
-5465
-5469
-5470
-5476
-5477
-5477
-5479
-5480
-5481
-5482
-5489
-5490
-5495
-5496
-5499
-5503
-5507
-5511
-5512
-5516
-5520
-5523
-5524
-5528
-5533
-5535
-5536
-5536
-5537
-5543
-5548
-5554
-5554
-5557
-5559
-5565
-5565
-5566
-5567
-5575
-5575
-5576
-5580
-5588
-5589
-5591
-5591
-5606
-5619
-5630
-5644
-5648
-5652
-5654
-5670
-5673
-5678
-5681
-5682
-5683
-5690
-5691
-5695
-5698
-5699
-5702
-5705
-5706
-5710
-5714
-5722
-5723
-5723
-5731
-5734
-5754
-5758
-5759
-5763
-5766
-5768
-5770
-5771
-5771
-5775
-5775
-5776
-5776
-5779
-5785
-5802
-5803
-5804
-5811
-5815
-5817
-5817
-5821
-5822
-5827
-5827
-5828
-5830
-5835
-5838
-5843
-5845
-5845
-5848
-5850
-5856
-5857
-5860
-5862
-5862
-5863
-5869
-5885
-5886
-5886
-5889
-5892
-5894
-5894
-5896
-5910
-5913
-5914
-5915
-5924
-5924
-5925
-5933
-5935
-5935
-5936
-5936
-5938
-5947
-5955
-5962
-5973
-5980
-5986
-5987
-5992
-6001
-6005
-6012
-6023
-6028
-6030
-6034
-6044
-6070
-6073
-6073
-6085
-6092
-6095
-6104
-6104
-6105
-6107
-6110
-6112
-6113
-6114
-6118
-6120
-6122
-6128
-6129
-6132
-6132
-6136
-6138
-6141
-6142
-6145
-6145
-6151
-6152
-6160
-6161
-6169
-6170
-6176
-6176
-6176
-6178
-6178
-6194
-6195
-6202
-6204
-6207
-6211
-6214
-6214
-6223
-6223
-6232
-6235
-6239
-6242
-6243
-6253
-6262
-6265
-6266
-6266
-6268
-6269
-6275
-6281
-6291
-6300
-6301
-6309
-6311
-6317
-6321
-6321
-6322
-6324
-6325
-6330
-6331
-6334
-6336
-6337
-6340
-6342
-6345
-6351
-6356
-6358
-6377
-6379
-6387
-6395
-6400
-6400
-6410
-6413
-6421
-6426
-6427
-6427
-6437
-6439
-6439
-6442
-6442
-6450
-6456
-6466
-6466
-6467
-6467
-6471
-6473
-6474
-6482
-6485
-6485
-6485
-6487
-6492
-6494
-6498
-6498
-6500
-6515
-6516
-6522
-6523
-6530
-6530
-6534
-6535
-6536
-6536
-6536
-6537
-6539
-6540
-6541
-6545
-6545
-6545
-6547
-6553
-6554
-6562
-6565
-6573
-6573
-6583
-6585
-6586
-6590
-6593
-6593
-6604
-6606
-6610
-6612
-6612
-6617
-6622
-6622
-6627
-6627
-6631
-6636
-6639
-6649
-6649
-6650
-6659
-6665
-6666
-6667
-6669
-6674
-6684
-6688
-6688
-6700
-6705
-6705
-6710
-6713
-6714
-6714
-6717
-6718
-6718
-6719
-6719
-6723
-6723
-6734
-6736
-6740
-6745
-6746
-6746
-6760
-6762
-6766
-6767
-6767
-6781
-6782
-6784
-6787
-6788
-6794
-6802
-6811
-6820
-6821
-6841
-6844
-6845
-6847
-6851
-6854
-6855
-6856
-6858
-6859
-6861
-6865
-6866
-6866
-6876
-6884
-6898
-6899
-6902
-6917
-6918
-6921
-6928
-6970
-6988
-6989
-6990
-6998
-7024
-7026
-7035
-7036
-7040
-7041
-7042
-7056
-7058
-7062
-7067
-7070
-7073
-7078
-7080
-7091
-7093
-7093
-7097
-7103
-7103
-7108
-7109
-7111
-7116
-7119
-7120
-7123
-7124
-7125
-7128
-7129
-7130
-7133
-7134
-7139
-7140
-7143
-7146
-7161
-7165
-7165
-7184
-7186
-7189
-7189
-7196
-7198
-7200
-7200
-7202
-7203
-7205
-7214
-7221
-7221
-7226
-7241
-7245
-7249
-7249
-7249
-7251
-7252
-7253
-7255
-7256
-7259
-7259
-7260
-7261
-7265
-7269
-7280
-7283
-7288
-7292
-7308
-7314
-7315
-7318
-7320
-7321
-7336
-7340
-7345
-7353
-7354
-7355
-7361
-7365
-7371
-7375
-7375
-7376
-7379
-7384
-7385
-7386
-7388
-7395
-7400
-7401
-7404
-7408
-7408
-7411
-7417
-7424
-7425
-7435
-7438
-7445
-7454
-7455
-7463
-7463
-7467
-7479
-7504
-7507
-7511
-7519
-7527
-7527
-7530
-7534
-7539
-7543
-7543
-7547
-7550
-7553
-7571
-7571
-7573
-7584
-7585
-7591
-7592
-7594
-7596
-7608
-7618
-7621
-7629
-7632
-7633
-7636
-7644
-7649
-7650
-7650
-7661
-7669
-7678
-7678
-7685
-7689
-7691
-7693
-7695
-7701
-7709
-7719
-7720
-7725
-7726
-7731
-7732
-7734
-7741
-7742
-7748
-7749
-7757
-7759
-7765
-7766
-7769
-7770
-7772
-7774
-7777
-7780
-7782
-7785
-7787
-7791
-7796
-7797
-7801
-7801
-7807
-7809
-7812
-7816
-7823
-7828
-7829
-7837
-7849
-7851
-7853
-7854
-7857
-7859
-7859
-7862
-7864
-7868
-7868
-7869
-7881
-7884
-7887
-7893
-7893
-7895
-7902
-7903
-7907
-7915
-7915
-7916
-7922
-7923
-7923
-7931
-7936
-7938
-7944
-7948
-7950
-7960
-7965
-7968
-7969
-7971
-7978
-7979
-7979
-7979
-7983
-7984
-7984
-7984
-7992
-7995
-8001
-8003
-8003
-8005
-8011
-8012
-8013
-8016
-8023
-8026
-8033
-8033
-8034
-8036
-8051
-8055
-8059
-8065
-8065
-8079
-8088
-8094
-8096
-8096
-8107
-8114
-8116
-8126
-8130
-8133
-8134
-8135
-8136
-8152
-8161
-8169
-8170
-8170
-8178
-8179
-8181
-8182
-8187
-8190
-8190
-8196
-8196
-8202
-8210
-8210
-8211
-8211
-8215
-8223
-8226
-8226
-8226
-8232
-8233
-8245
-8262
-8263
-8265
-8269
-8271
-8274
-8277
-8279
-8283
-8291
-8293
-8301
-8307
-8317
-8320
-8321
-8321
-8324
-8334
-8337
-8340
-8347
-8352
-8353
-8354
-8354
-8355
-8357
-8358
-8366
-8369
-8370
-8372
-8372
-8373
-8378
-8378
-8379
-8380
-8384
-8386
-8392
-8396
-8399
-8402
-8404
-8405
-8410
-8410
-8411
-8413
-8414
-8416
-8418
-8423
-8424
-8424
-8426
-8428
-8428
-8445
-8445
-8449
-8459
-8464
-8473
-8478
-8479
-8480
-8485
-8486
-8486
-8493
-8495
-8498
-8501
-8508
-8514
-8515
-8520
-8524
-8527
-8530
-8534
-8541
-8542
-8542
-8543
-8554
-8555
-8558
-8564
-8565
-8566
-8566
-8572
-8576
-8579
-8580
-8587
-8589
-8593
-8593
-8599
-8601
-8603
-8604
-8609
-8615
-8622
-8628
-8635
-8638
-8642
-8652
-8652
-8658
-8660
-8671
-8672
-8672
-8673
-8680
-8680
-8686
-8689
-8692
-8695
-8701
-8701
-8710
-8711
-8718
-8721
-8725
-8727
-8729
-8730
-8731
-8732
-8734
-8734
-8736
-8741
-8757
-8765
-8766
-8774
-8784
-8787
-8796
-8809
-8810
-8814
-8816
-8818
-8818
-8819
-8822
-8822
-8823
-8827
-8832
-8839
-8845
-8849
-8850
-8854
-8858
-8859
-8860
-8864
-8874
-8883
-8890
-8905
-8907
-8909
-8914
-8915
-8920
-8925
-8934
-8935
-8936
-8943
-8945
-8947
-8953
-8956
-8960
-8960
-8962
-8970
-8971
-8972
-8975
-8980
-8981
-8989
-8992
-8994
-8994
-8995
-8996
-8997
-8998
-8999
-9000
-9001
-9009
-9013
-9013
-9014
-9024
-9026
-9028
-9032
-9037
-9040
-9042
-9044
-9048
-9048
-9054
-9058
-9058
-9060
-9060
-9065
-9068
-9069
-9073
-9076
-9078
-9086
-9097
-9102
-9107
-9117
-9118
-9124
-9126
-9127
-9129
-9131
-9143
-9146
-9147
-9150
-9150
-9157
-9159
-9162
-9165
-9168
-9182
-9185
-9196
-9197
-9212
-9213
-9218
-9223
-9239
-9239
-9240
-9241
-9244
-9247
-9249
-9250
-9251
-9252
-9256
-9257
-9259
-9260
-9261
-9273
-9276
-9277
-9278
-9278
-9279
-9281
-9286
-9287
-9287
-9287
-9289
-9290
-9292
-9299
-9300
-9311
-9314
-9317
-9317
-9317
-9322
-9329
-9332
-9332
-9335
-9336
-9339
-9340
-9341
-9341
-9342
-9350
-9354
-9360
-9370
-9376
-9380
-9383
-9383
-9383
-9389
-9396
-9399
-9404
-9407
-9410
-9411
-9415
-9422
-9422
-9422
-9428
-9432
-9434
-9436
-9438
-9438
-9439
-9440
-9445
-9450
-9459
-9462
-9474
-9479
-9481
-9486
-9490
-9492
-9494
-9496
-9496
-9498
-9503
-9503
-9509
-9513
-9513
-9514
-9516
-9519
-9525
-9532
-9534
-9534
-9545
-9546
-9548
-9553
-9556
-9557
-9558
-9565
-9571
-9572
-9573
-9577
-9578
-9581
-9582
-9592
-9600
-9606
-9609
-9610
-9619
-9620
-9621
-9622
-9624
-9630
-9636
-9639
-9639
-9647
-9647
-9659
-9662
-9672
-9672
-9675
-9678
-9680
-9682
-9683
-9684
-9703
-9708
-9711
-9711
-9711
-9713
-9716
-9717
-9721
-9732
-9736
-9736
-9738
-9740
-9745
-9755
-9777
-9777
-9785
-9786
-9794
-9795
-9795
-9798
-9807
-9814
-9817
-9820
-9820
-9821
-9824
-9834
-9838
-9843
-9844
-9850
-9850
-9868
-9869
-9870
-9872
-9897
-9899
-9901
-9905
-9906
-9911
-9911
-9918
-9928
-9943
-9952
-9960
-9974
-9974
-9981
-9982
-9987
-9987
-9987
-9988
-9991
-9995
-9996
