-2828
5714
7706
-7775
-9677
-969
-3282
9789
-7556
-4160
-9963
-3523
4920
5144
-1528
-505
4706
-2542
8226
3780
-1326
6985
-3424
-9823
-6269
-5219
6602
2849
-7909
1798
-2358
406
-2441
-5840
3560
5976
-7018
-8769
2902
-3004
-3967
2243
-5068
3908
8410
8213
-2906
58
-7355
2820
5862
-4114
-4052
4488
4820
4701
2947
-8370
6800
2941
-3957
-2200
-6455
7894
8471
-7279
1970
-2922
-1811
-5738
2582
-6325
7651
3033
7500
-6560
-3492
-2925
3172
4254
3984
-2836
7882
4835
3500
-7337
-8116
-209
5591
-3649
-1244
-8128
4276
-9660
9747
8041
-9740
3564
9167
-1241
8177
8763
2381
-7318
-8653
8095
2914
-7079
-9548
2487
-3864
-937
3526
540
4971
3751
-7778
1030
-6623
-2013
-4829
3406
7889
-899
-2449
-9830
-9981
-5793
539
-3546
4330
3514
-3138
2103
-2530
4322
7534
3578
-4065
-715
3470
8684
-3164
4434
6943
8032
-3617
-1457
403
-2175
460
7232
9739
-4749
6621
5953
6606
-3374
1735
1755
9601
-4382
9024
-5662
7551
5601
-5416
6467
2430
6460
6147
6383
-697
5009
-7137
-8228
968
5795
614
-1445
-6722
-1105
-7764
675
-6942
-3134
606
-3555
4123
-1308
-1794
-1598
6739
-1849
5099
-8302
6382
6875
1633
-2509
-2821
4332
-3274
-5688
5475
-5280
-743
-4358
-9348
-8440
-9274
3285
2862
-1893
203
4290
4166
-6001
-6046
1107
1571
9858
7921
696
-2788
-6466
-3319
-1668
-3147
-3370
8327
-806
-810
-3078
8870
3722
2483
3983
-7054
4479
-4712
-2487
8048
6819
5957
-10
347
2735
7175
6045
3011
-1784
2774
5844
8103
540
-9907
-1576
637
700
-8968
6869
-5200
2531
573
-2742
6020
2293
1681
1994
-7184
-4797
-2106
-7014
4696
6261
6627
6933
4738
-9767
2016
-3402
-6213
9431
-450
-4796
6558
2953
-5552
5099
4830
-8011
905
6320
3800
-6430
-3517
-8690
4913
6442
4206
-3821
2344
9650
9890
-9539
299
-7493
-5009
9543
-5737
7610
7991
36
-892
9122
-3353
7670
8778
7844
-5227
70
8815
-5423
6410
6824
-521
-529
7774
3324
-7282
-7125
-704
2242
-4935
-3720
-1377
222
1495
8745
7221
7839
-8673
-5891
-1505
4379
5926
-5855
136
6532
9606
2546
-4787
8907
-5348
8677
-6607
-6535
-5124
-9037
6338
-9209
2146
1168
1785
6958
7736
5808
-4317
5987
738
2922
4179
-8127
-276
1660
637
8782
9784
-9900
1155
-8666
-7042
6282
-3458
-5056
-4960
8356
2182
-9245
9715
-4924
-7797
-8372
-5954
6673
-6353
-4416
-9736
-8821
-4504
-4761
218
7483
-5004
9487
9141
184
-8845
-3620
-9381
-8480
5897
4596
-5297
9101
527
-3238
-9365
-7880
-2748
943
4328
-8182
-628
-5524
-5743
-2068
-4121
4590
8003
8911
6798
-617
6239
4698
-8161
2316
-6192
249
8851
-8469
3154
2272
1875
1399
3368
-3765
-5055
-7888
3298
2252
-8759
-4870
-3528
-6803
7354
-8560
4001
-3022
4889
373
8709
8493
-8854
-3970
4068
1574
8219
2419
1357
5828
5180
-3875
-8590
-5934
-8163
1624
6792
-7947
-9341
2937
4571
-5005
-1123
-245
1706
8047
5168
-8833
-6658
7870
1092
-1806
-2321
-1959
349
-1219
7892
-2174
7564
-8876
-5106
-3504
-8170
-6909
-4966
-4113
-3492
-4727
4053
7102
726
6828
6600
-4218
5262
2398
-9406
-2432
-7788
8305
-2946
8101
-4960
-334
4077
-8022
3251
-9916
-3641
1081
-3737
-1519
-2151
-1188
-6104
-2656
-7709
4313
-135
-8629
-9218
3345
-4718
-174
836
-3536
-4759
-1924
-5852
9248
9264
-5296
9820
-2910
8074
-7243
4249
6099
-2040
651
906
4916
3256
-3902
4123
-6828
-1355
430
3712
-6413
-7922
-970
2303
-2619
-5243
4260
-8720
5020
-6611
4626
-3682
-5977
3556
2819
-6408
-5013
-3444
8055
4624
-5312
-2850
6821
8037
650
-566
3156
9150
-2707
-1288
2617
7298
-5023
6154
-5594
8768
-7909
-1149
2794
-305
-3652
-2349
-1434
-3884
9290
-5773
-8703
-3119
-1443
-1460
-1078
-1659
6180
4840
-6893
-1420
6842
6855
-6770
9530
5640
5784
-7821
879
-7397
6188
-9002
9515
4863
-117
-4787
-7205
-1208
-5234
1452
43
6544
-3042
-8839
-5928
-5179
8673
-6276
-2730
9705
9054
-805
9265
7430
-5735
3135
-3890
-104
5210
-5092
4411
-3066
-9742
-5099
4545
-6911
8665
8846
950
-6634
-1830
2993
895
2068
8512
4407
7388
4332
4354
3595
8001
1572
-563
-5559
-2214
8977
-3595
-9974
9609
-1834
7151
-5460
3376
-125
6316
601
2413
-5154
-8294
-3161
-6729
5005
-8587
4418
5482
-1223
7215
-7987
-6002
-8945
-2172
856
-508
3569
-2963
-6889
1360
-893
-2246
-2048
-4274
-4770
6105
4346
8404
-3644
-3329
-4540
1526
795
2346
-8991
8874
-8838
1501
8845
-5240
-8900
6824
1375
3667
477
-6997
9271
4471
7718
8103
-2881
-2640
-9899
-1806
-4538
-6970
-7320
-9086
-9906
-4010
6118
8979
3810
6936
3591
2289
9048
-9438
8939
-5986
-9502
-598
-5492
2613
6380
-6339
8040
-1564
-7615
-8448
-8560
2151
-7942
-3477
-3758
9170
-6638
1266
8958
-9400
1392
-3395
3383
-7926
-6787
2845
-5199
7759
-7409
7718
-7873
7002
-227
-1066
4593
-315
-2387
1615
2320
3664
2544
-7959
-8255
-4558
-1824
2885
6545
5242
-9726
-7338
-9570
4156
-9321
-4939
-7207
3443
7791
5271
718
-916
1965
9983
3988
-5908
-5419
3756
-6643
-4174
-5952
-140
-7973
6563
-8289
7690
-1340
3837
-1628
9074
8449
5223
-9110
8790
-8791
-9635
-6851
-2667
-3994
-3575
-2342
-3995
8005
8392
-4257
-6143
-4708
4983
3829
-2991
3412
9379
-8630
7241
-8544
8259
6691
5690
1174
3394
2518
-3059
6904
7299
-2382
-60
-2278
-4935
1779
-584
-1956
4152
-8289
-9790
-2919
9332
482
-5936
7866
1656
6016
-8119
2188
-1130
-3560
1457
-7452
2318
6151
-5835
-8505
1735
-5143
8433
-6528
-9989
1904
-9468
9471
9588
-2772
6349
-6846
-5601
-3704
3926
9060
9096
2930
7811
7120
-9420
-6558
-7513
-9671
208
1177
7511
5192
6824
-1680
-2089
7864
-7953
2847
869
-4513
-202
-1294
9357
830
5727
-3895
9556
-4476
4891
-6515
-3400
4142
-1710
4974
6149
6595
-5642
-5655
1337
8708
9588
-7638
-5886
4114
-3205
-3218
-1640
-4322
-5880
5348
9668
-3379
-4460
6695
-2989
-4701
6533
-7754
4592
-719
-9101
-8223
-5067
-1319
9604
3396
7077
-1300
8200
-4485
-4492
1016
